日付,記事タイトル,価格,販売数,売上,PV（記事）,Threads投稿番号,投稿の型,投稿の表示数,いいね,返信,プロフィールへのアクセス,メモ
2026-10-01,（例）AIに仕事を任せる手順,1980,0,0,0,#1,共感型,0,0,0,0,（例の行。記録を始めたら削除）
